1	1	
2	1	
3	1	
4	1	
5	1	
6	1	
7	1	
8	2	1
9	2	1
10	2	1
11	2	1
12	2	1
13	2	1
14	2	1
15	2	1
16	2	1
17	2	1
18	3	1
19	3	1
20	3	1
21	3	1
22	3	1
23	4	1
24	4	1
25	4	1
26	4	1
27	4	1
28	4	3
29	4	3
30	4	3
31	4	3
32	4	3
33	1	3
34	1	3
35	1	3
36	1	3
37	1	3
38	1	3
39	1	3
40	1	3
41	2	3
42	2	3
43	2	3
44	2	3
45	2	3
46	2	3
47	2	3
48	3	1
49	3	1
50	3	1
51	3	1
52	3	1
53	2	1
54	2	1
55	2	1
56	2	1
57	2	1
58	2	1
59	2	1
60	2	1
61	2	1
62	2	1
63	4	1
64	4	1
65	4	1
66	4	1
67	4	1
68	4	3
69	4	3
70	4	3
71	4	3
72	4	3
73	4	3
74	1	3
75	1	3
76	1	3
77	1	3
78	1	3
79	1	3
80	1	3
81	1	3
82	2	3
83	2	3
84	2	3
85	2	3
86	2	3
87	2	3
88	3	1
89	3	1
90	3	1
91	3	1
92	3	1
93	2	1
94	2	1
95	2	1
96	2	1
97	2	1
98	2	1
99	2	1
100	4	1
101	4	1
102	4	1
103	4	1
104	4	1
105	4	1
106	4	1
107	4	1
108	4	3
109	1	3
110	1	3
111	1	3
112	1	3
113	1	3
114	1	3
115	1	3
116	1	3
128	3	2
129	3	2
130	3	2
131	3	2
132	3	2
148	2	4
149	2	4
150	2	4
151	2	4
152	2	4
153	2	4
154	2	4
155	2	4
156	2	4
157	2	4
158	2	4
159	2	4
160	2	4
161	2	4
162	2	4
163	2	4
164	2	4
165	2	4
166	2	4
167	2	4
168	4	1
169	4	3
170	4	
171	4	
172	4	
173	4	
174	4	
175	4	
176	4	
177	4	
178	2	
179	2	
180	2	
181	2	
182	2	
183	2	
184	2	
185	2	
186	2	
187	2	
188	2	
189	2	
190	2	
191	2	
192	2	
193	2	
194	2	
195	2	
196	2	
197	2	
198	4	2
199	4	
200	4	
201	4	
202	4	
203	4	
204	4	
205	4	
206	4	
207	4	
208	4	
209	4	
210	4	
211	4	
212	4	
213	4	
214	4	
215	4	
216	4	
217	4	
